$ANSIBLE_VAULT;1.1;AES256
61363663363333626466383935393033636338343433653436303462373932363036396631306135
6562663538373439303065633338393934323964646133660a653565306232356131396239656439
65616230346438373230383565333634663436646161643735666433376165373133353763313834
6164336563616630630a636132626338393730313035373434366336303934396337373439623435
37373733613132623335353030663538373663656463376435323032373763613735653830663665
37366436363335656136653363663134326332363761623534613466373964663834373838363533
61386365343563396366376466636337653264366361376631623466646330656633343838376231
34396539643838383663333939343032366139333434656461633666373830333065353834663364
65346637663430643834333438326162626335376132313533343165626330336330383565643064
36633835316161376233666234643665663364633366323038643230366633366465313136613234
62363965626430386366326139333863623564396262373735653237303061646335303261626231
63363431316339336335653333333466353232363164616632393166343366663136623033326636
30343534383437323836666139303038373932326338613836396130383039623037633532663036
65666464613039373435303766333862383038373237346131303261653166333234633733623832
34316161613262306262333363653531306237303433613531663439663933376165313538396433
39323430396564336134323266336532656565363163626530303163663261313765373835643431
61343336333634336236383639316562383262633832363861303734363332333463386565393061
66383663653561343561633637383630643232656166346431313737343365666534656532626464
37316135663339633439646465656335323039366533333832643036623034373763393765646638
64363135346232393733663939666231373337366430343164666562326563343038343062623138
32373431636361613665363431313533353165393463363862393465353863383034633234356431
33346639663834383462333732616531356632393736623761333532306265653130613736336334
31663066376161633035633364613963323432316430333032323632303464353666376435663931
34316432643730626137643338353064353538646430316539626637326165376162346464343832
3464
