$ANSIBLE_VAULT;1.1;AES256
35353835663332623631313838643565376537336234353961323735323661353463303962366161
3939376239313263373438616435333464666232376430320a363661303936343761356432396332
32396339623462656538393637373465613835663062323265366538316537376364373035323264
3663383561666433340a393634373534656533366230363832613536313533656663653338393264
35653837383764303137343963313335356530346138643566613562356337313064653536343465
64363437353535313737343336333633356139393438333765353936613639623439653134353361
35336266643262343734636462333039633463613361353965396164393031383564346265626463
63616363663535663262393666646464313937643734636134656663663264623962353564366665
39643633613230353330323638356263653066313230396237336336616665613333303632353138
63366436313639306531326431333061616466383561336164303638356439613039663538346663
63313930643534373834376264666537346533626431363831623164613030373935666261393665
66633935333230626136646239323733306338323931663066323339306531636564363530313231
38636638356361666134383563363166646566616235663661633330396165303334366138396262
3864346135653632393733313730623437646262633430613032
